111111111111111111111111111111111
4444444444
555555555
66666666
7777777
99999
888888
11111111111111111110000000000000000000000000000000
11111111111111111110000000000000000000000000000000
11111111111111111110000000000000000000000000000000
11111111111111111110000000000000000000000000000000
11111111111111111110000000000000000000000000000000
11111111111111111110000000000000000000000000000000
11111111111111111110000000000000000000000000000000
11111111111111111110000000000000000000000000000000
11111111111111111110000000000000000000000000000000
11111111111111111110000000000000000000000000000000
